[
[1.000000000e-05,2.555956507e-06],
[1.059560179e-05,3.268327391e-06],
[1.122667774e-05,2.343946247e-08],
[1.189534067e-05,1.909924713e-06],
[1.260382930e-05,1.588181941e-06],
[1.335451563e-05,3.712443428e-06],
[1.414991297e-05,-3.648542158e-07],
[1.499268433e-05,-1.133526040e-06],
[1.588565129e-05,1.326757183e-06],
[1.683180353e-05,5.141391646e-07],
[1.783430877e-05,-5.360823036e-07],
[1.889652340e-05,1.418621607e-06],
[2.002200372e-05,-1.769936768e-07],
[2.121451785e-05,-1.287458610e-08],
[2.247805834e-05,1.368259732e-07],
[2.381685552e-05,-4.186626056e-07],
[2.523539170e-05,3.938451117e-07],
[2.673841616e-05,-4.708880525e-08],
[2.833096102e-05,6.937025303e-07],
[3.001835814e-05,5.156106644e-07],
[3.180625693e-05,1.227202019e-06],
[3.370064329e-05,8.795635823e-07],
[3.570785965e-05,1.197539578e-06],
[3.783462617e-05,1.600726812e-06],
[4.008806329e-05,1.512359658e-06],
[4.247571553e-05,2.157725287e-06],
[4.500557676e-05,2.435301507e-06],
[4.768611698e-05,2.710071108e-06],
[5.052631065e-05,3.085599523e-06],
[5.353566677e-05,3.965615663e-06],
[5.672426068e-05,4.590975766e-06],
[6.010276782e-05,5.462395197e-06],
[6.368249945e-05,6.364485308e-06],
[6.747544053e-05,7.684111882e-06],
[7.149428987e-05,9.125566972e-06],
[7.575250259e-05,1.085973322e-05],
[8.026433522e-05,1.273872623e-05],
[8.504489342e-05,1.513446666e-05],
[9.011018252e-05,1.800993953e-05],
[9.547716114e-05,2.147031783e-05],
[0.000101163798,2.546733083e-05],
[0.0001071891319,3.024704890e-05],
[0.0001135733358,3.587458092e-05],
[0.0001203377841,4.261102202e-05],
[0.0001275051241,5.056376619e-05],
[0.0001350993521,5.999548070e-05],
[0.0001431458938,7.123975437e-05],
[0.0001516716888,8.453525207e-05],
[0.0001607052818,0.0001003599845],
[0.0001702769172,0.0001191353615],
[0.0001804186409,0.0001414234406],
[0.0001911644075,0.0001678662888],
[0.0002025501939,0.0001992499788],
[0.0002146141198,0.0002365150865],
[0.0002273965752,0.0002807316695],
[0.000240940356,0.0003332188342],
[0.0002552908068,0.0003955119564],
[0.000270495973,0.0004694327348],
[0.0002866067617,0.0005571628588],
[0.0003036771118,0.0006612899088],
[0.000321764175,0.0007848392233],
[0.000340928507,0.0009314428988],
[0.00036123427,0.00110540097],
[0.0003827494479,0.001311803797],
[0.0004055460736,0.001556685941],
[0.0004297004704,0.001847193595],
[0.0004552935075,0.002191811808],
[0.0004824108704,0.002600586229],
[0.0005111433483,0.003085409228],
[0.0005415871378,0.003660380985],
[0.0005738441648,0.004342186716],
[0.0006080224262,0.005150581923],
[0.0006442363509,0.00610895013],
[0.0006826071834,0.007244959612],
[0.0007232633896,0.008591334813],
[0.0007663410868,0.0101867696],
[0.0008119844993,0.01207700515],
[0.0008603464417,0.01431609802],
[0.00091158883,0.0169678954],
[0.0009658832241,0.02010777142],
[0.001023411402,0.02382469456],
[0.001084365969,0.02822363146],
[0.001148951,0.03342829243],
[0.001217382728,0.03958438454],
[0.001289890261,0.04686349233],
[0.001366716356,0.05546755726],
[0.001448118228,0.06563401369],
[0.001534368409,0.07764182496],
[0.001625755666,0.09181859848],
[0.001722585965,0.1085487864],
[0.001825183494,0.1282828338],
[0.00193389175,0.1515479863],
[0.00204907469,0.1789610983],
[0.002171117946,0.2112431738],
[0.00230043012,0.2492355302],
[0.00243744415,0.2939187362],
[0.002582618761,0.3464347818],
[0.002736439997,0.4081120647],
[0.002899422854,0.4804928774],
[0.003072112999,0.5653653963],
[0.0032550886,0.6648007327],
[0.00344896226,0.7811941519],
[0.003654383071,0.9173087309],
[0.003872038782,1.076326528],
[0.004102658106,1.26190773],
[0.004347013158,1.478254697],
[0.004605922041,1.730175797],
[0.004880251584,2.023161559],
[0.005170920243,2.363472513],
[0.00547890118,2.758229806],
[0.005805225516,3.215491525],
[0.006150985789,3.744352137],
[0.006517339605,4.3550591],
[0.00690551352,5.059120418],
[0.007316807143,5.869361579],
[0.007752597489,6.80002651],
[0.008214343585,7.866900023],
[0.008703591361,9.087385221],
[0.009221978823,10.48040799],
[0.009771241535,12.06644254],
[0.01035321843,13.86757156],
[0.01096985798,15.90740606],
[0.01162322469,18.21061658],
[0.01231550603,20.80272686],
[0.01304901978,23.70994531],
[0.01382622174,26.95866175],
[0.01464971398,30.57396059],
[0.01552225357,34.57892939],
[0.01644676178,38.99407611],
[0.01742633386,43.83616625],
[0.01846424943,49.11621988],
[0.01956398344,54.8382059],
[0.0207292178,60.99779965],
[0.02196385372,67.58134156],
[0.02327202479,74.56813836],
[0.02465811076,81.92852112],
[0.02612675226,89.62153087],
[0.0276828663,97.5984049],
[0.02933166278,105.8306453],
[0.03107866188,114.302492],
[0.03292971255,123.0017304],
[0.03489101213,131.9328678],
[0.03696912707,141.1909572],
[0.03917101491,150.9362747],
[0.04150404758,161.3738523],
[0.04397603609,172.7629226],
[0.04659525669,185.4330373],
[0.04937047853,199.7911814],
[0.05231099308,216.2030923],
[0.05542664521,234.9244814],
[0.05872786613,255.9906342],
[0.06222570837,279.0822435],
[0.06593188271,303.3886516],
[0.06985879747,327.5690643],
[0.07401959997,349.8852172],
[0.07842822061,368.5805936],
[0.08309941949,382.5055968],
[0.08804883582,391.816389],
[0.09329304026,398.4544502],
[0.09884959047,406.0273707],
[0.1047370898,418.9092243],
[0.1109752496,440.626062],
[0.1175849554,471.7956527],
[0.1245883364,508.3054195],
[0.1320088401,541.3308436],
[0.1398713103,561.3374755],
[0.1482020706,565.2976279],
[0.1570290125,561.3513339],
[0.1663816886,564.9283982],
[0.1762914118,587.0658322],
[0.1867913599,623.3125959],
[0.1979166868,653.3418058],
[0.2097046401,659.6714341],
[0.2221946861,652.2894767],
[0.2354286414,656.992776],
[0.2494508135,682.3741603],
[0.2643081487,704.824081],
[0.2800503894,704.760454],
[0.2967302408,701.8058076],
[0.3144035472,716.3437103],
[0.3331294788,728.9526724],
[0.3529707303,726.4625633],
[0.3739937302,729.7627456],
[0.3962688639,737.6106517],
[0.4198707084,736.3191641],
[0.4448782831,737.3520612],
[0.4713753134,738.8584178],
[0.4994505116,736.3160632],
[0.5291978736,735.5494733],
[0.5607169938,732.255766],
[0.5941133985,729.0010847],
[0.629498899,724.3948966],
[0.6669919663,719.3666098],
[0.7067181274,713.3679047],
[0.7488103858,706.8206159],
[0.7934096666,699.5969748],
[0.8406652886,691.7442098],
[0.8907354639,683.3340617],
[0.9437878278,674.3172546],
[1,664.7787962]
]