[
[1.000000000e-05, -2.359977761e-07],
[1.059560179e-05, 3.122528939e-07],
[1.122667774e-05, -6.498767518e-07],
[1.189534067e-05, 1.371394924e-07],
[1.260382930e-05, 4.838964569e-07],
[1.335451563e-05, 3.284634548e-07],
[1.414991297e-05, 1.546069881e-07],
[1.499268433e-05, -1.167964846e-07],
[1.588565129e-05, -2.147298066e-07],
[1.683180353e-05, 2.808819396e-07],
[1.783430877e-05, 1.242234136e-07],
[1.889652340e-05, 4.763662546e-07],
[2.002200372e-05, 5.430963177e-07],
[2.121451785e-05, -3.440890127e-07],
[2.247805834e-05, 2.253467006e-07],
[2.381685552e-05, 3.086645509e-07],
[2.523539170e-05, 4.592910774e-08],
[2.673841616e-05, 3.036604538e-07],
[2.833096102e-05, 1.623799274e-08],
[3.001835814e-05, 1.071123605e-07],
[3.180625693e-05, 2.904124825e-07],
[3.370064329e-05, -1.238621814e-07],
[3.570785965e-05, -1.592504944e-07],
[3.783462617e-05, 4.212929348e-08],
[4.008806329e-05, -1.595182869e-07],
[4.247571553e-05, 4.577131268e-09],
[4.500557676e-05, -2.662782139e-07],
[4.768611698e-05, 2.712253293e-07],
[5.052631065e-05, -1.776623271e-08],
[5.353566677e-05, -8.916060590e-08],
[5.672426068e-05, -2.015587000e-07],
[6.010276782e-05, -1.426164945e-07],
[6.368249945e-05, 2.851705040e-09],
[6.747544053e-05, -1.685468073e-08],
[7.149428987e-05, 1.172659242e-08],
[7.575250259e-05, -1.517577746e-08],
[8.026433522e-05, -2.704143815e-08],
[8.504489342e-05, 4.118328910e-08],
[9.011018252e-05, -1.491465527e-08],
[9.547716114e-05, 2.626075114e-08],
[0.000101163798, 2.666478307e-09],
[0.0001071891319, 5.732177412e-08],
[0.0001135733358, 6.191297155e-08],
[0.0001203377841, 3.453255463e-08],
[0.0001275051241, 1.215842518e-07],
[0.0001350993521, 1.203045401e-07],
[0.0001431458938, 1.502304805e-07],
[0.0001516716888, 1.371404314e-07],
[0.0001607052818, 2.205934405e-07],
[0.0001702769172, 2.700899774e-07],
[0.0001804186409, 3.224583623e-07],
[0.0001911644075, 3.802590218e-07],
[0.0002025501939, 4.593539290e-07],
[0.0002146141198, 6.003665480e-07],
[0.0002273965752, 7.173619955e-07],
[0.000240940356, 9.136635014e-07],
[0.0002552908068, 1.126595422e-06],
[0.000270495973, 1.390380653e-06],
[0.0002866067617, 1.725384594e-06],
[0.0003036771118, 2.130660776e-06],
[0.000321764175, 2.659234221e-06],
[0.000340928507, 3.260561545e-06],
[0.00036123427, 4.054005567e-06],
[0.0003827494479, 5.048380854e-06],
[0.0004055460736, 6.254957832e-06],
[0.0004297004704, 7.800902351e-06],
[0.0004552935075, 9.746555044e-06],
[0.0004824108704, 1.215273802e-05],
[0.0005111433483, 1.510538694e-05],
[0.0005415871378, 1.883156100e-05],
[0.0005738441648, 2.354425773e-05],
[0.0006080224262, 2.938479348e-05],
[0.0006442363509, 3.666525920e-05],
[0.0006826071834, 4.592046929e-05],
[0.0007232633896, 5.735536026e-05],
[0.0007663410868, 7.180815584e-05],
[0.0008119844993, 8.977283516e-05],
[0.0008603464417, 0.0001122998491],
[0.00091158883, 0.0001409622716],
[0.0009658832241, 0.0001761754931],
[0.001023411402, 0.0002205981208],
[0.001084365969, 0.0002765921436],
[0.001148951, 0.0003470445507],
[0.001217382728, 0.0004354041173],
[0.001289890261, 0.0005457221316],
[0.001366716356, 0.0006825782256],
[0.001448118228, 0.0008557592833],
[0.001534368409, 0.001074938808],
[0.001625755666, 0.001352153843],
[0.001722585965, 0.001696387051],
[0.001825183494, 0.002127403316],
[0.00193389175, 0.00267447664],
[0.00204907469, 0.003355563455],
[0.002171117946, 0.004214505022],
[0.00230043012, 0.005287375493],
[0.00243744415, 0.006629504642],
[0.002582618761, 0.008313704298],
[0.002736439997, 0.01043782971],
[0.002899422854, 0.01308692388],
[0.003072112999, 0.01643434374],
[0.0032550886, 0.02059403672],
[0.00344896226, 0.02580753203],
[0.003654383071, 0.03235483159],
[0.003872038782, 0.04055142172],
[0.004102658106, 0.05076658433],
[0.004347013158, 0.06359794088],
[0.004605922041, 0.07947026477],
[0.004880251584, 0.09949746134],
[0.005170920243, 0.1242552122],
[0.00547890118, 0.1552998933],
[0.005805225516, 0.1938140238],
[0.006150985789, 0.2415588028],
[0.006517339605, 0.3012770322],
[0.00690551352, 0.3751600128],
[0.007316807143, 0.4665628416],
[0.007752597489, 0.5794367839],
[0.008214343585, 0.7190674728],
[0.008703591361, 0.8917477098],
[0.009221978823, 1.103856066],
[0.009771241535, 1.364340887],
[0.01035321843, 1.683513359],
[0.01096985798, 2.073077785],
[0.01162322469, 2.549571575],
[0.01231550603, 3.130307089],
[0.01304901978, 3.834552778],
[0.01382622174, 4.688796478],
[0.01464971398, 5.716038358],
[0.01552225357, 6.95517113],
[0.01644676178, 8.437904177],
[0.01742633386, 10.2059086],
[0.01846424943, 12.30840191],
[0.01956398344, 14.79198698],
[0.0207292178, 17.71767549],
[0.02196385372, 21.1369373],
[0.02327202479, 25.11858677],
[0.02465811076, 29.71616376],
[0.02612675226, 35.00485368],
[0.0276828663, 41.0511689],
[0.02933166278, 47.90100697],
[0.03107866188, 55.63560411],
[0.03292971255, 64.29356119],
[0.03489101213, 73.93893028],
[0.03696912707, 84.58125916],
[0.03917101491, 96.26802725],
[0.04150404758, 109.0179435],
[0.04397603609, 122.8405839],
[0.04659525669, 137.8056512],
[0.04937047853, 153.987489],
[0.05231099308, 171.5355493],
[0.05542664521, 190.6124873],
[0.05872786613, 211.4124129],
[0.06222570837, 234.121132],
[0.06593188271, 258.8023813],
[0.06985879747, 285.4389889],
[0.07401959997, 313.8083817],
[0.07842822061, 343.5326235],
[0.08309941949, 374.182439],
[0.08804883582, 405.2831995],
[0.09329304026, 436.4786918],
[0.09884959047, 467.5956084],
[0.1047370898, 498.604872],
[0.1109752496, 529.6504702],
[0.1175849554, 560.8290518],
[0.1245883364, 592.176498],
[0.1320088401, 623.6030705],
[0.1398713103, 654.886514],
[0.1482020706, 685.7670097],
[0.1570290125, 715.9609164],
[0.1663816886, 745.1486658],
[0.1762914118, 773.0465385],
[0.1867913599, 799.3548954],
[0.1979166868, 823.8510248],
[0.2097046401, 846.3695588],
[0.2221946861, 866.828769],
[0.2354286414, 885.2274469],
[0.2494508135, 901.5961631],
[0.2643081487, 915.9925595],
[0.2800503894, 928.4695649],
[0.2967302408, 939.05932],
[0.3144035472, 947.7689181],
[0.3331294788, 954.5781341],
[0.3529707303, 959.4543078],
[0.3739937302, 962.3647699],
[0.3962688639, 963.3013534],
[0.4198707084, 962.2953619],
[0.4448782831, 959.4286518],
[0.4713753134, 954.8368053],
[0.4994505116, 948.7038918],
[0.5291978736, 941.2515879],
[0.5607169938, 932.7233788],
[0.5941133985, 923.3722153],
[0.629498899, 913.4423998],
[0.6669919663, 903.1646965],
[0.7067181274, 892.7399191],
[0.7488103858, 882.3424663],
[0.7934096666, 872.1171123],
[0.8406652886, 862.1837094],
[0.8907354639, 852.6155093],
[0.9437878278, 843.4729107],
[1, 834.8050001]
]